0, 0, 0.171, -0.082, -0.152
1, 0, 0.151, -0.086, -0.152
2, 0, 0.135, -0.089, -0.152
3, 0, 0.119, -0.092, -0.152
4, 0, 0.102, -0.094, -0.152
5, 0, 0.086, -0.098, -0.152
6, 0, 0.069, -0.101, -0.152
7, 0, 0.053, -0.104, -0.152

0, 1, 0.168, -0.068, -0.155
1, 1, 0.150, -0.070, -0.152
2, 1, 0.133, -0.073, -0.152
3, 1, 0.116, -0.075, -0.152
4, 1, 0.098, -0.078, -0.152
5, 1, 0.082, -0.081, -0.152
6, 1, 0.066, -0.084, -0.152
7, 1, 0.049, -0.087, -0.152

0, 2, 0.163, -0.049, -0.152
1, 2, 0.146, -0.053, -0.152
2, 2, 0.130, -0.056, -0.152
3, 2, 0.113, -0.058, -0.152
4, 2, 0.097, -0.062, -0.152
5, 2, 0.080, -0.064, -0.152
6, 2, 0.063, -0.067, -0.152
7, 2, 0.047, -0.070, -0.152

0, 3, 0.160, -0.034, -0.152
1, 3, 0.143, -0.036, -0.152
2, 3, 0.127, -0.040, -0.152
3, 3, 0.110, -0.042, -0.152
4, 3, 0.094, -0.045, -0.152
5, 3, 0.077, -0.048, -0.152
6, 3, 0.061, -0.051, -0.152
7, 3, 0.044, -0.054, -0.152

0, 4, 0.156, -0.016, -0.152
1, 4, 0.140, -0.020, -0.152
2, 4, 0.124, -0.023, -0.152
3, 4, 0.108, -0.026, -0.152
4, 4, 0.091, -0.029, -0.152
5, 4, 0.074, -0.032, -0.152
6, 4, 0.059, -0.035, -0.152
7, 4, 0.041, -0.037, -0.152

0, 5, 0.154, -0.001, -0.152
1, 5, 0.138, -0.004, -0.152
2, 5, 0.121, -0.007, -0.152
3, 5, 0.104, -0.009, -0.152
4, 5, 0.088, -0.012, -0.152
5, 5, 0.072, -0.016, -0.152
6, 5, 0.055, -0.018, -0.152
7, 5, 0.039, -0.021, -0.152