0, 0, 0.147, 0.037, -0.150
1, 0, 0.131, 0.035, -0.150
2, 0, 0.114, 0.032, -0.150
3, 0, 0.098, 0.028, -0.150
4, 0, 0.081, 0.025, -0.150
5, 0, 0.065, 0.022, -0.150
6, 0, 0.049, 0.019, -0.150
7, 0, 0.033, 0.016, -0.150

0, 1, 0.143, 0.054, -0.150
1, 1, 0.127, 0.051, -0.150
2, 1, 0.112, 0.048, -0.150
3, 1, 0.096, 0.045, -0.150
4, 1, 0.079, 0.041, -0.150
5, 1, 0.063, 0.039, -0.150
6, 1, 0.046, 0.036, -0.150
7, 1, 0.030, 0.033, -0.150

0, 2, 0.142, 0.072, -0.150
1, 2, 0.126, 0.069, -0.150
2, 2, 0.108, 0.065, -0.150
3, 2, 0.093, 0.063, -0.150
4, 2, 0.077, 0.059, -0.150
5, 2, 0.060, 0.056, -0.150
6, 2, 0.043, 0.053, -0.150
7, 2, 0.027, 0.050, -0.150

0, 3, 0.137, 0.087, -0.150
1, 3, 0.121, 0.084, -0.150
2, 3, 0.105, 0.080, -0.150
3, 3, 0.089, 0.078, -0.150
4, 3, 0.073, 0.075, -0.150
5, 3, 0.058, 0.071, -0.150
6, 3, 0.041, 0.069, -0.150
7, 3, 0.024, 0.066, -0.150

0, 4, 0.134, 0.103, -0.150
1, 4, 0.118, 0.100, -0.150
2, 4, 0.102, 0.097, -0.150
3, 4, 0.086, 0.094, -0.150
4, 4, 0.069, 0.091, -0.150
5, 4, 0.054, 0.088, -0.150
6, 4, 0.038, 0.085, -0.150
7, 4, 0.021, 0.082, -0.150

0, 5, 0.132, 0.120, -0.150
1, 5, 0.116, 0.117, -0.150
2, 5, 0.099, 0.113, -0.150
3, 5, 0.083, 0.111, -0.150
4, 5, 0.067, 0.107, -0.150
5, 5, 0.052, 0.105, -0.150
6, 5, 0.035, 0.101, -0.150
7, 5, 0.019, 0.098, -0.150