0, 0, -0.028, 0.015, -0.145
1, 0, -0.044, 0.018, -0.145
2, 0, -0.059, 0.021, -0.146
3, 0, -0.076, 0.024, -0.146
4, 0, -0.092, 0.028, -0.146
5, 0, -0.109, 0.031, -0.145
6, 0, -0.126, 0.035, -0.145
7, 0, -0.143, 0.038, -0.145

0, 1, -0.026, 0.030, -0.145
1, 1, -0.040, 0.034, -0.145
2, 1, -0.056, 0.037, -0.145
3, 1, -0.073, 0.041, -0.145
4, 1, -0.090, 0.044, -0.145
5, 1, -0.106, 0.048, -0.145
6, 1, -0.123, 0.051, -0.145
7, 1, -0.139, 0.055, -0.145

0, 2, -0.022, 0.046, -0.145
1, 2, -0.037, 0.050, -0.145
2, 2, -0.053, 0.053, -0.145
3, 2, -0.069, 0.057, -0.145
4, 2, -0.085, 0.061, -0.145
5, 2, -0.103, 0.064, -0.145
6, 2, -0.119, 0.068, -0.145
7, 2, -0.136, 0.071, -0.145

0, 3, -0.019, 0.063, -0.144
1, 3, -0.033, 0.066, -0.144
2, 3, -0.050, 0.070, -0.144
3, 3, -0.066, 0.074, -0.144
4, 3, -0.083, 0.077, -0.144
5, 3, -0.098, 0.080, -0.144
6, 3, -0.115, 0.084, -0.144
7, 3, -0.132, 0.088, -0.144

0, 4, -0.014, 0.079, -0.143
1, 4, -0.031, 0.083, -0.143
2, 4, -0.047, 0.087, -0.143
3, 4, -0.065, 0.090, -0.143
4, 4, -0.079, 0.093, -0.143
5, 4, -0.096, 0.097, -0.143
6, 4, -0.112, 0.100, -0.144
7, 4, -0.129, 0.104, -0.144

0, 5, -0.012, 0.096, -0.143
1, 5, -0.026, 0.100, -0.143
2, 5, -0.043, 0.102, -0.143
3, 5, -0.058, 0.107, -0.143
4, 5, -0.075, 0.110, -0.143
5, 5, -0.091, 0.113, -0.143
6, 5, -0.108, 0.117, -0.143
7, 5, -0.124, 0.120, -0.143