0, 0, -0.053, -0.111, -0.145
1, 0, -0.069, -0.107, -0.145
2, 0, -0.086, -0.104, -0.145
3, 0, -0.102, -0.101, -0.145
4, 0, -0.119, -0.097, -0.146
5, 0, -0.136, -0.093, -0.146
6, 0, -0.152, -0.090, -0.146
7, 0, -0.167, -0.084, -0.146

0, 1, -0.050, -0.094, -0.146
1, 1, -0.066, -0.091, -0.146
2, 1, -0.082, -0.087, -0.146
3, 1, -0.099, -0.084, -0.146
4, 1, -0.115, -0.080, -0.146
5, 1, -0.131, -0.077, -0.146
6, 1, -0.148, -0.074, -0.146
7, 1, -0.165, -0.071, -0.146

0, 2, -0.046, -0.078, -0.146
1, 2, -0.062, -0.074, -0.146
2, 2, -0.079, -0.070, -0.146
3, 2, -0.095, -0.067, -0.146
4, 2, -0.111, -0.064, -0.146
5, 2, -0.128, -0.060, -0.146
6, 2, -0.144, -0.057, -0.146
7, 2, -0.160, -0.054, -0.146

0, 3, -0.042, -0.061, -0.146
1, 3, -0.059, -0.057, -0.146
2, 3, -0.074, -0.054, -0.146
3, 3, -0.091, -0.050, -0.146
4, 3, -0.107, -0.047, -0.146
5, 3, -0.124, -0.044, -0.146
6, 3, -0.141, -0.040, -0.146
7, 3, -0.158, -0.038, -0.146

0, 4, -0.039, -0.044, -0.146
1, 4, -0.054, -0.041, -0.146
2, 4, -0.071, -0.038, -0.146
3, 4, -0.087, -0.034, -0.146
4, 4, -0.104, -0.031, -0.146
5, 4, -0.120, -0.028, -0.146
6, 4, -0.137, -0.024, -0.146
7, 4, -0.153, -0.021, -0.146

0, 5, -0.035, -0.028, -0.145
1, 5, -0.051, -0.025, -0.146
2, 5, -0.067, -0.021, -0.145
3, 5, -0.085, -0.018, -0.146
4, 5, -0.100, -0.014, -0.146
5, 5, -0.118, -0.011, -0.146
6, 5, -0.133, -0.008, -0.146
7, 5, -0.150, -0.004, -0.146