0, 0, -0.080, -0.041, -0.149
1, 0, -0.097, -0.041, -0.149
2, 0, -0.114, -0.041, -0.149
3, 0, -0.131, -0.041, -0.149
4, 0, -0.148, -0.041, -0.149
5, 0, -0.165, -0.041, -0.149
6, 0, -0.182, -0.041, -0.149
7, 0, -0.199, -0.041, -0.149

0, 1, -0.080, -0.025, -0.149
1, 1, -0.097, -0.025, -0.149
2, 1, -0.114, -0.025, -0.149
3, 1, -0.131, -0.025, -0.149
4, 1, -0.148, -0.025, -0.149
5, 1, -0.165, -0.025, -0.149
6, 1, -0.182, -0.025, -0.149
7, 1, -0.199, -0.025, -0.149

0, 2, -0.080, -0.008, -0.149
1, 2, -0.097, -0.008, -0.149
2, 2, -0.114, -0.008, -0.149
3, 2, -0.131, -0.008, -0.149
4, 2, -0.148, -0.008, -0.149
5, 2, -0.165, -0.008, -0.149
6, 2, -0.182, -0.008, -0.149
7, 2, -0.198, -0.008, -0.149

0, 3, -0.080, 0.012, -0.149
1, 3, -0.097, 0.012, -0.149
2, 3, -0.114, 0.012, -0.149
3, 3, -0.131, 0.012, -0.149
4, 3, -0.148, 0.012, -0.149
5, 3, -0.165, 0.012, -0.149
6, 3, -0.182, 0.012, -0.149
7, 3, -0.199, 0.012, -0.149

0, 4, -0.080, 0.025, -0.149
1, 4, -0.097, 0.025, -0.149
2, 4, -0.114, 0.025, -0.149
3, 4, -0.131, 0.025, -0.149
4, 4, -0.148, 0.025, -0.149
5, 4, -0.165, 0.025, -0.149
6, 4, -0.182, 0.025, -0.149
7, 4, -0.199, 0.025, -0.149

0, 5, -0.080, 0.042, -0.149
1, 5, -0.097, 0.042, -0.149
2, 5, -0.114, 0.042, -0.149
3, 5, -0.131, 0.042, -0.149
4, 5, -0.148, 0.042, -0.149
5, 5, -0.165, 0.042, -0.149
6, 5, -0.182, 0.042, -0.149
7, 5, -0.199, 0.042, -0.149