0, 0, 0.184, -0.036, -0.153
1, 0, 0.169, -0.036, -0.153
2, 0, 0.152, -0.035, -0.153
3, 0, 0.135, -0.036, -0.153
4, 0, 0.118, -0.036, -0.153
5, 0, 0.101, -0.036, -0.153
6, 0, 0.084, -0.036, -0.153
7, 0, 0.067, -0.036, -0.153

0, 1, 0.184, -0.020, -0.153
1, 1, 0.169, -0.020, -0.153
2, 1, 0.152, -0.019, -0.153
3, 1, 0.135, -0.020, -0.153
4, 1, 0.118, -0.020, -0.153
5, 1, 0.101, -0.020, -0.153
6, 1, 0.084, -0.020, -0.153
7, 1, 0.067, -0.020, -0.153

0, 2, 0.184, -0.003, -0.153
1, 2, 0.169, -0.003, -0.153
2, 2, 0.152, -0.003, -0.153
3, 2, 0.135, -0.003, -0.153
4, 2, 0.118, -0.003, -0.153
5, 2, 0.101, -0.003, -0.153
6, 2, 0.084, -0.003, -0.153
7, 2, 0.067, -0.003, -0.153

0, 3, 0.184, 0.013, -0.153
1, 3, 0.169, 0.013, -0.153
2, 3, 0.152, 0.013, -0.153
3, 3, 0.135, 0.013, -0.153
4, 3, 0.118, 0.013, -0.153
5, 3, 0.101, 0.013, -0.153
6, 3, 0.084, 0.013, -0.153
7, 3, 0.067, 0.013, -0.153

0, 4, 0.184, 0.030, -0.154
1, 4, 0.169, 0.030, -0.154
2, 4, 0.152, 0.030, -0.154
3, 4, 0.135, 0.030, -0.154
4, 4, 0.118, 0.030, -0.154
5, 4, 0.101, 0.030, -0.154
6, 4, 0.084, 0.030, -0.154
7, 4, 0.067, 0.030, -0.154

0, 5, 0.184, 0.047, -0.154
1, 5, 0.169, 0.047, -0.154
2, 5, 0.152, 0.047, -0.154
3, 5, 0.135, 0.047, -0.154
4, 5, 0.118, 0.047, -0.154
5, 5, 0.101, 0.047, -0.154
6, 5, 0.084, 0.047, -0.154
7, 5, 0.067, 0.047, -0.154